42467824
2662716965
37026967
3567810421
2893502816
3456503528
3338821011
33052291
3488103558
3261808993
41198044
3599713642
3276713599
43456703
3354618632
43507265
25979516
38124150
3051322148
3104821196
3262302081
3430606024
3362807319
3321008063
25939221
42129804
3551109130
3691006100
40398707
3299301915
44080991
3423606642
44034992
3084103159
3412904605
3403203550
2806510318
3223414111
2448600039
3272514827
3717002579
3081026188
37848498
41638162
38449689
3132409004
35310861
31837721
3277411774
2774603551
3036512125
39083990
43622437
3164718522
34688382
2520909974
2349010065
1788410581
22869158
32886455
2702909223
2607618026
3586203174
43606483
42255710
2599314876
40967093
3463206865
44865538
43487951
3435409932
39856275
3432610916
39655629
22877057
40398859
3044112979
3253113466
2644716273
42058126
3027104996
32638319
3008012241
39085846
43981833
2918321557
1528213046
38961726
3196725409
2532300973
2995310255
3579309217
3692502279
2170516485
3258220201
44245238
3311903831
3732605651
99991111
35756222
2373103446
3432811197
44399279
3053706653
32822150
23152907
2609516856
44307566
2333009347
34528468
2499404723
3003413753
37558982
26315089
44299461
2840910857
2994009931
2450702896
38263867
43693780
36578400
44470514
3102819537
40645451
2285310515
3682910754
44369952
41314057
43996719
2423911638
3384211212
3287008014
44892839
44804611
44024345
43704650
43262446
43094207
41971729
41964711
41310288
41281273
41061295
41039542
40434252
40313618
39187845
38912642
38005288
36820911
36715632
36060635
35918311
35680578
33955530
33008064
31936646
13721907
13627048
1352126
44549526
44061900
43908780
43874232
43488515
43436231
42817550
42788478
42778138
42655655
42208215
42105631
42079130
42014602
42002754
41102540
40620615
40541440
40426739
40373970
40371397
40371219
40250333
40113258
38908552
38619548
38441763
38441119
37815169
37211142
35833605
35812187
32886539
31029412
30424384
24253316
23698368
23138043
22928027
44321711
44226550
43826189
43617296
43554949
43497357
42855465
42720404
42499348
42395645
41320060
41150945
40389430
40362230
40261591
40012488
39360717
38689882
35812433
35725063
35086888
32735257
32487781
30475895
24262041
44908246
44674973
44652022
44399421
44103856
43720667
43511554
42888045
42075335
41934603
41932365
41917813
41699576
41604201
41241639
40687451
40453893
39911718
39641841
39346032
39131043
38971975
38063235
37615961
37413117
35468253
35454660
34114510
31987308
31809814
20616364
44865538
44470514
44399279
44369952
44307566
44299461
44245238
43996719
43981833
43693780
43487951
42058126
41314057
40645451
40398859
39856275
39655629
39085846
38961726
38263867
37558982
36578400
35756222
34528468
32822150
32638319
26315089
23152907
22877057