2662716965
3567810421
2893502816
3456503528
3338821011
3488103558
3261808993
3599713642
3276713599
3354618632
3051322148
3104821196
3262302081
3430606024
3362807319
3321008063
3551109130
3691006100
3299301915
3423606642
3084103159
3412904605
3403203550
2806510318
3223414111
2448600039
3272514827
3717002579
3081026188
3132409004
3277411774
2774603551
3036512125
3164718522
2520909974
2349010065
1788410581
2702909223
2607618026
3586203174
2599314876
3463206865
3435409932
3432610916
3044112979
3253113466
2644716273
3027104996
3008012241
2918321557
1528213046
3196725409
2532300973
2995310255
3579309217
3692502279
2170516485
3258220201
3311903831
3732605651
